399 Indices.

Bergk* Nro. Bergk. Nro. Bergk. Nm.

8999111999 1213 105
121ss 106

95 15 135 11
99 11 199 119
91 19 191 191
99 19 199 19
’ 99 23 119 13
109 99 139 119
191 91 131 99
199 99 139 1
193 91 199 9
191 39 191 19
199 99 139 99
199 51 131 91
191 99 133 99
199 5 119 91
199 19 111 11
119 191 119 19
111 31 113 99
⁴ 113 93 111 33
113 190 115 39
111 99 119 19
119 91 111 11
119 99 119 113
111 99 119 111
119 199 199 31
119 91 191 111
199 99 199 119
191 193 193 199
199 191 191 191
12³ 99 155 123

 

 

 

