8111001000 100 113 ·

12 11 11 101 110 ..
13 13 ,, 102 118 .,
11 11 ,, 103 121 ,,
15 806 .. 101 122 „
’16 10. 11 12 *105 12111

11 18 „ *106 121Β .-
18 51 ,, 101 121 ,,
19 53 13 108 115 „
80 60 „ 100 116 1·
81 62 „ 110 126

82 10 11 111 81 ,,
83 11 ,. 112 130 „
81 65. 60 1, *113 118

85 12 ,1 111 119

86 69 115 151 „
81 16 „ 116 161 n
88 61 „ [111] 151 ,,
89 11 ,, 118 156 .
90 88 16 119 152 1
91 86 ,. 120 153 ,,
92 111 11 121 154 9
93 112 122 163 56

91 111 19 1 119 191 „
*91 119 ,, 1 111 191 91
81 {h} 19 *113 1111112111 1”9
99 119 „ 111 191 ,,
99 111 . 119 199 ,,

Ροοὴο lyr. 0ηωί ΙΙ, 21

 

