Fragm.

ἡ , Ι

11191 Bergk.

8111991691
15 94

16 959
11 96„

18 91

19 134 9
20 136 n

21 101

22 100 1,
23 99 9

103

.' 102 „
138 ,,

140
84
101

104 „

21

22

11 119 19 1111
11 111 „

,,151931”

46 109 „ 411

,ἶ 11 119 ,1111

[48] 98 n

ζ 19 111 11 191

50105 „ ι

»5110611
,, 522333

5312„

,ζ 54 1911
„ 5513„

„5614„

131» „

143

144 „
150 ,,

160

169 „
111 „
131 ,,

145

146 ,,

141
128

21
28

111
19 ,,

19 11111

51 29 35
58 30 n

959 31„

60 31 36

,, 61 51 31
„ 62 39 38
„ 63 36 „
„ Ξ 64 38 „
„ 65 52 ,,

66 58 39
61 61 9
68 46 40

‚, 69 44. 45 a

10 12 41
11 43 ,,

 

4-

 

